SSTID level size key_start key_end
 11136 level0 36726494 6041 29988946
 11108 level0 36726658 13066 29998145
 11084 level0 36726628 3531 29983377
 11060 level0 36715271 9951 29996919
 11058 level0 36732230 10035 29998620
 11048 level0 36732192 1633 29989473
 11046 level0 36726531 6665 29991292
 11030 level0 36732175 361 29994634
 11028 level0 36726556 9676 29990749
 11020 level0 36732326 13318 29996718
 11018 level0 36726409 83 29995229
 11004 level0 36726562 107 29990622
 11002 level0 36720901 16063 29986971
 11000 level0 36732237 1065 29982736
 10998 level0 36720938 1369 29989744
 10995 level0 36732209 3387 29994988
 10993 level0 36732183 353 29991093
 10990 level0 36726641 734 29979400
 10988 level0 36720762 200 29997090
 10985 level0 36726330 13460 29995240
 10983 level0 36720742 3128 29994377
 10980 level0 36726613 19675 29996455
 10978 level0 36720782 7215 29998634
 10950 level0 36726547 1305 29997289
 10938 level1 76216693 211 898975
 10939 level1 65383240 899000 1674969
 10940 level1 63772983 1675181 2481155
 10943 level1 62022761 3624296 4744312
 10944 level1 71904334 4744450 5510526
 10946 level1 67658193 6156638 7351198
 10947 level1 62387383 7351546 8059577
 10954 level1 63949109 10537034 11437249
 10957 level1 71594590 12344760 13624424
 10959 level1 51443201 14732220 15839253
 10960 level1 66966926 15839583 17858359
 10962 level1 68791014 18428460 18844568
 10963 level1 60918880 18844777 20186215
 10964 level1 64098651 20186253 21864013
 10966 level1 71513198 22584623 23209661
 10967 level1 66958795 23209775 23637645
 10968 level1 66879556 23637668 24269193
 10969 level1 62835830 24269291 24953733
 10971 level1 64166882 25394822 26418440
 10972 level1 60559573 26418560 27146179
 10973 level1 66579914 27146516 28457959
 10974 level1 74923064 28458051 29551745
 10492 level2 52817481 11 99942
 10493 level2 70350900 99958 231693
 10494 level2 68445546 231697 362682
 10495 level2 69216787 362699 494109
 10496 level2 71053026 494131 653705
 10497 level2 54769961 653749 898988
 10531 level2 63502193 899007 1065034
 10532 level2 54906054 1065092 1186893
 10533 level2 60455578 1186904 1308913
 10534 level2 63756109 1308960 1428982
 10535 level2 63671215 1428992 1548372
 10536 level2 77576339 1548380 1675129
 10162 level2 69363749 1675145 1881529
 10660 level2 80394401 1881538 2040147
 10661 level2 76870239 2040157 2227967
 10662 level2 70240980 2227987 2358626
 10663 level2 20824082 2358662 2481254
 11010 level2 65982163 2481258 2600132
 11011 level2 57878286 2600159 2715357
 11012 level2 57363093 2715365 2828893
 11013 level2 61047959 2828921 2946269
 11014 level2 66939134 2946285 3072522
 11015 level2 25631285 3072526 3120079
 11034 level2 59627285 3120094 3230957
 11035 level2 67533396 3231006 3348651
 11036 level2 65803798 3348663 3461753
 11037 level2 66591894 3461755 3575566
 11038 level2 28186169 3575585 3624278
 10673 level2 67693396 3624324 3751048
 10674 level2 70162301 3751056 3876865
 10675 level2 83069717 3876868 4105896
 10676 level2 134512488 4105911 4247823
 10677 level2 18650481 4247828 4261972
 10688 level2 55150497 4261976 4364254
 10690 level2 78949867 4475591 4629849
 10691 level2 54878332 4629878 4744393
 10692 level2 67715859 4744404 4950268
 10693 level2 23520725 4950297 5010021
 10363 level2 134512780 5010039 5230833
 10364 level2 47934749 5230838 5269888
 10365 level2 47258130 5269905 5368039
 10366 level2 61401913 5368051 5510540
 11005 level2 134515417 5510572 5640736
 11006 level2 69528907 5640751 5834565
 11007 level2 67288737 5834617 6013728
 11008 level2 55722796 6013749 6156411
 10678 level2 69136325 6156425 6353538
 10683 level2 63100784 6353585 6525345
 10684 level2 134516001 6525352 6740902
 10685 level2 43362614 6740904 6775604
 10686 level2 134516143 6775608 6956446
 10687 level2 7819370 6956449 6963013
 10714 level2 75636682 6963018 7153638
 10715 level2 78157736 7153697 7351417
 10716 level2 134511487 7351430 7515205
 10719 level2 64379565 7515206 7673222
 10720 level2 107689811 7673255 7800582
 10183 level2 26469218 7800583 7823100
 10234 level2 70875601 7823124 8059689
 11044 level2 71815087 8059702 8223393
 11050 level2 64761301 8349549 8565161
 11051 level2 70893831 8565171 8789065
 11052 level2 43483674 8789098 8928106
 11026 level2 63405277 8928124 9159879
 11031 level2 134512250 9159925 9370439
 11032 level2 56993927 9370447 9478122
 11033 level2 56858560 9478157 9644473
 10991 level2 64909920 9644560 9917616
 10996 level2 115040416 9917654 10084279
 11053 level2 134513054 10084322 10261523
 11054 level2 71959726 10261524 10448896
 10631 level2 134511567 10537022 10730182
 10640 level2 58391206 10730186 10945736
 10480 level2 134511471 10945802 11064046
 10486 level2 89186423 11064052 11141928
 10490 level2 66215902 11141949 11327942
 10491 level2 46009158 11327954 11437256
 11016 level2 63386036 11437297 11625262
 11021 level2 64287835 11625273 11777129
 11022 level2 125208914 11777157 11917063
 10981 level2 69092359 11917072 12216542
 10986 level2 49255128 12216563 12344696
 10725 level2 65772153 12344825 12661540
 10726 level2 69278558 12661573 12837207
 10728 level2 134516376 12927861 13104533
 10729 level2 61038510 13104534 13368181
 10730 level2 37244777 13368290 13624465
 11056 level2 66770752 13624482 13886893
 11061 level2 99426514 13886992 14159989
 11062 level2 83239079 14159994 14248093
 11063 level2 103125380 14248250 14471671
 11064 level2 73545311 14471705 14689084
 11065 level2 15074351 14689088 14732141
 10470 level2 134517318 14732156 15090692
 10876 level2 134518324 15090693 15603342
 10879 level2 61352087 15603352 15839511
 10880 level2 62559975 15839590 16052378
 10881 level2 104028449 16052405 16281593
 10852 level2 125200145 16281703 16722964
 10854 level2 96055811 16780725 16933299
 10855 level2 93100423 16933507 17220807
 10856 level2 35533618 17220854 17450190
 10865 level2 93229953 17450202 17566317
 11023 level2 115078508 17858421 17961486
 11024 level2 134513571 17961495 18264294
 11025 level2 52634183 18264298 18428311
 9268 level2 53906685 18428443 18498354
 10192 level2 61961692 18498381 18567013
 10193 level2 62192996 18567031 18636230
 10194 level2 62387333 18636245 18706043
 10195 level2 62112679 18706049 18775221
 10196 level2 62683341 18775230 18844769
 10197 level2 62734410 18844776 18914306
 9673 level2 68948063 18914349 18994525
 10868 level2 64795156 19341311 19408695
 10873 level2 115451369 19681068 20186229
 10857 level2 64658972 20186232 20251983
 10862 level2 64208077 20251987 20318512
 10864 level2 106880956 20386613 20730022
 10825 level2 84800376 20730055 20877748
 10836 level2 23040447 20942858 21281015
 10712 level2 95553506 21281609 21401032
 10713 level2 117907722 21401063 21532318
 10754 level2 65273402 21532334 21604522
 10755 level2 58555607 21604547 21669186
 10756 level2 58766981 21669196 21734527
 10757 level2 57818936 21734534 21799413
 10758 level2 58800749 21799418 21864096
 11078 level2 60984974 21864104 21927783
 11079 level2 52006852 21927793 21982428
 11081 level2 105406947 22053852 22519906
 11082 level2 61013938 22519919 22584536
 10541 level2 56660137 22584540 22648346
 10542 level2 89870801 22648356 22744503
 10543 level2 49696622 22744512 22805657
 10544 level2 48736545 22805660 22866043
 10173 level2 47397116 22866065 22927898
 10174 level2 46016737 22927908 22988942
 10175 level2 45759935 22988976 23049869
 10176 level2 46319421 23049898 23111569
 10205 level2 73487275 23111580 23209755
 10206 level2 44653899 23209762 23269777
 10207 level2 46713815 23269794 23331546
 10208 level2 47054330 23331559 23393502
 10209 level2 45052350 23393529 23453719
 10210 level2 96003233 23453724 23570347
 9648 level2 53768397 23570354 23637666
 9649 level2 77560972 23637687 23734406
 9650 level2 54316830 23734415 23802057
 10703 level2 63671095 23802058 23869861
 10704 level2 64715509 23869864 23938399
 10705 level2 50141136 23938400 23991224
 10392 level2 62039197 24200234 24269282
 10393 level2 63387186 24269290 24338208
 10394 level2 64533010 24338224 24407966
 10395 level2 52325530 24407989 24471288
 10396 level2 79842573 24471301 24597973
 9514 level2 44510473 24598003 24661356
 10839 level2 57133783 24661380 24724831
 10844 level2 65285895 24724845 24821038
 10849 level2 101204895 24821059 24953747
 11103 level2 65563013 24953750 25020703
 11104 level2 48577745 25020718 25079597
 11105 level2 48258871 25079631 25137798
 11106 level2 47692970 25137804 25195140
 11109 level2 48543204 25195178 25253927
 11110 level2 47762801 25253932 25311913
 11111 level2 62934849 25311934 25394771
 10646 level2 87013468 25394780 25509116
 10652 level2 75546855 25509168 25589791
 10658 level2 47293562 25589804 25648841
 10659 level2 47757027 25648851 25708139
 10922 level2 49992135 25708148 25768553
 10923 level2 49770810 25768564 25827943
 10924 level2 49747390 25827945 25887821
 10925 level2 49405381 25887824 25947666
 10929 level2 95102553 26020603 26120820
 10355 level2 55309505 26120829 26185811
 10358 level2 55970542 26185824 26250546
 10359 level2 74830331 26250554 26362387
 10360 level2 38105231 26362403 26418488
 10361 level2 66626694 26418509 26506821
 10344 level2 49890119 26506845 26569003
 10345 level2 49964485 26569009 26631238
 10346 level2 50807622 26631242 26693248
 10347 level2 50316807 26693251 26755316
 10348 level2 49090646 26755321 26817183
 10349 level2 64795077 26817194 26897583
 10815 level2 52781962 26897587 26959669
 10819 level2 55617644 26959690 27022705
 10882 level2 54612232 27022706 27085142
 10883 level2 53408932 27085153 27146179
 10884 level2 46747411 27146188 27200278
 10885 level2 68069730 27200304 27311258
 10886 level2 81389719 27311268 27421386
 10887 level2 36798507 27421400 27471283
 10888 level2 47220239 27471312 27530053
 10889 level2 47146583 27530087 27588979
 10890 level2 47065998 27588996 27647039
 10891 level2 47556807 27647052 27705172
 10892 level2 83726018 27705183 27807923
 10893 level2 46609783 27807960 27866278
 10894 level2 46417005 27866285 27924296
 10556 level2 43848856 27924316 27981679
 10557 level2 43990727 27981692 28039800
 10558 level2 55520557 28039805 28109309
 10559 level2 48612422 28109321 28170291
 10560 level2 68559310 28170315 28277308
 10561 level2 67796257 28277315 28383781
 10562 level2 46627506 28383796 28457971
 10456 level2 40318602 28457987 28514859
 10458 level2 80327240 28514868 28628319
 10463 level2 38760714 28628324 28684138
 10164 level2 68977506 28684151 28788151
 10165 level2 56855147 28788161 28855274
 10900 level2 68435669 28855289 28960614
 10903 level2 69449480 28960643 29066039
 10904 level2 64162319 29066049 29162800
 10905 level2 47276306 29162811 29221424
 10906 level2 73992072 29221454 29320032
 10907 level2 82153855 29320044 29449479
 10154 level2 54418742 29449499 29551809
 11039 level2 88166565 29551824 29673312
 11040 level2 46307257 29673317 29730730
 11041 level2 49154902 29730732 29811071
 11042 level2 51870327 29811103 29892574
 11043 level2 52980827 29892585 29953967
 11009 level2 30045152 29953978 29999982
 7306 level3 67261931 1 49877
 7307 level3 67261837 49878 99951
 7308 level3 42788602 99953 131642
 7296 level3 67261624 131644 182120
 7297 level3 67261577 182124 231696
 7298 level3 43888158 231698 264019
 7309 level3 67260985 264034 313292
 7310 level3 67262031 313304 362694
 7313 level3 42042808 362696 394435
 7458 level3 67261225 394439 443909
 7459 level3 67261285 443912 494127
 7460 level3 41608879 494135 525566
 8122 level3 67261656 525570 572429
 8123 level3 67261849 572430 619186
 8124 level3 48992668 619189 653716
 7965 level3 67260557 653718 700521
 10397 level3 67260978 700522 740149
 10398 level3 67261000 740150 780184
 10399 level3 52396196 780185 812125
 10387 level3 67261057 812127 855109
 10388 level3 67261977 855117 898404
 10389 level3 930348 898407 899006
 8294 level3 67261254 899008 944490
 8295 level3 67262302 944492 989925
 8296 level3 42018439 989930 1018459
 7942 level3 67261624 1018463 1065035
 7943 level3 67260123 1065036 1111680
 7944 level3 38141507 1111685 1138607
 7630 level3 67260716 1138616 1186898
 7631 level3 67259739 1186902 1234896
 7632 level3 33784958 1234899 1258938
 7471 level3 67262180 1258942 1308924
 7474 level3 67261944 1308926 1358615
 7475 level3 27661860 1358616 1379134
 7618 level3 67261778 1379137 1428982
 7619 level3 67260842 1428995 1478487
 7620 level3 26509280 1478488 1498278
 7621 level3 67261744 1498279 1548379
 7622 level3 67261837 1548381 1599083
 7623 level3 24781159 1599085 1617535
 7158 level3 67261659 1617539 1675129
 7159 level3 57545349 1675145 1723805
 9331 level3 67261102 1723807 1766130
 9332 level3 67259976 1766133 1807887
 9333 level3 41801682 1807892 1833923
 8128 level3 67261029 1833929 1881537
 8129 level3 67261764 1881542 1929549
 8130 level3 18771362 1929550 1943203
 8125 level3 67261213 1943210 1991648
 8126 level3 67260996 1991649 2040149
 8127 level3 19136702 2040151 2054186
 9334 level3 67261144 2054190 2095838
 9335 level3 56261963 2095847 2130384
 7452 level3 67261053 2130392 2179355
 7453 level3 67260402 2179357 2227969
 7454 level3 45439296 2227975 2260362
 7455 level3 67261195 2260364 2309632
 7456 level3 67261519 2309633 2358640
 9887 level3 67261826 2358641 2399249
 9888 level3 67261190 2399252 2440213
 9889 level3 67261947 2440227 2481382
 9890 level3 29834027 2481392 2507109
 7945 level3 67261812 2507117 2553318
 7946 level3 67260334 2553320 2600152
 7947 level3 31840291 2600154 2622259
 7951 level3 67261973 2622263 2668311
 7952 level3 67262474 2668312 2715359
 7953 level3 28568139 2715362 2735372
 7948 level3 67261095 2735373 2782264
 7949 level3 67261593 2782267 2828908
 7950 level3 31640895 2828917 2851757
 7802 level3 67261661 2851758 2898949
 7803 level3 67260087 2898954 2946273
 7804 level3 28014973 2946276 2966109
 7798 level3 67262308 2966111 3013083
 7801 level3 17796769 3013085 3025636
 7962 level3 67260736 3025639 3072524
 7963 level3 67262132 3072526 3120081
 7964 level3 26126723 3120086 3137951
 7805 level3 67261621 3137956 3185110
 7806 level3 67260823 3185115 3230997
 7807 level3 26873454 3231001 3250439
 7624 level3 67261694 3250440 3299952
 7625 level3 67261591 3299958 3348655
 7626 level3 21657576 3348656 3364379
 7790 level3 67262069 3364383 3412532
 7791 level3 67261963 3412533 3461754
 7792 level3 21719489 3461756 3477354
 7633 level3 67262109 3477356 3526477
 7634 level3 67260903 3526478 3575581
 7636 level3 67261035 3575583 3624296
 7639 level3 67259659 3624303 3672706
 7640 level3 40000103 3672716 3702387
 7461 level3 67261374 3702388 3751048
 7462 level3 67261468 3751053 3799742
 7463 level3 36699618 3799746 3826558
 7464 level3 67261207 3826559 3876866
 7465 level3 67260900 3876875 3927563
 7466 level3 32639168 3927564 3952047
 9857 level3 67261251 3952048 3992164
 9858 level3 67262011 3992165 4032244
 9859 level3 43027841 4032253 4058136
 8303 level3 67261436 4058138 4105903
 8304 level3 67261681 4105907 4153505
 8305 level3 15971201 4153506 4164814
 2861 level3 67262173 4164837 4269737
 8300 level3 67261989 4269740 4317142
 8301 level3 67261832 4317144 4364263
 10721 level3 67261258 4364264 4401867
 10722 level3 67261065 4401869 4439746
 10723 level3 67261190 4439747 4481172
 10724 level3 143588 4481177 4481361
 8143 level3 67262246 4481362 4528644
 8144 level3 9289151 4528656 4535200
 7784 level3 67262487 4535207 4582647
 7785 level3 67259958 4582648 4629850
 7786 level3 28334537 4629852 4650076
 7787 level3 67260976 4650079 4697095
 7788 level3 67259989 4697096 4744393
 7789 level3 26788636 4744398 4763189
 8811 level3 67263296 4763190 4806748
 8812 level3 67260944 4806751 4850339
 8813 level3 20088035 4850340 4863326
 8808 level3 67260877 4863328 4906948
 8809 level3 67261637 4906951 4950283
 8810 level3 22175669 4950287 4964433
 8312 level3 67260335 4964435 5010035
 8313 level3 67260635 5010036 5056314
 8314 level3 14284090 5056321 5066194
 8315 level3 67262905 5066197 5112238
 8316 level3 67261268 5112246 5158287
 8317 level3 14432341 5158291 5168371
 3038 level3 67261813 5168380 5269903
 8131 level3 67260880 5269904 5319286
 8132 level3 67260669 5319288 5368039
 8133 level3 67262830 5368044 5416536
 8140 level3 67262012 5416539 5464001
 8141 level3 67262399 5464012 5510724
 8142 level3 58480995 5510725 5551690
 3147 level3 67262297 5551706 5648790
 9341 level3 67261633 5648791 5690179
 9342 level3 67260353 5690184 5732139
 9343 level3 24268208 5732142 5747216
 8834 level3 67261155 5747218 5791160
 8835 level3 67260935 5791164 5834579
 8836 level3 16120083 5834582 5844957
 8817 level3 67261150 5844958 5888650
 8818 level3 67262351 5888653 5932407
 8819 level3 16552656 5932411 5943116
 8647 level3 67260545 5943118 5986890
 8650 level3 40278640 5986891 6013735
 8654 level3 67260273 6013736 6058113
 8655 level3 67262564 6058115 6102829
 8656 level3 14802301 6102839 6112465
 8638 level3 67260620 6112470 6156430
 8639 level3 67260820 6156435 6200437
 8640 level3 15413182 6200439 6210550
 8651 level3 67262792 6210551 6254644
 8652 level3 67262460 6254651 6298834
 8653 level3 14928750 6298838 6308748
 8481 level3 67260619 6308750 6353557
 8482 level3 67260850 6353561 6397882
 8485 level3 13286639 6397894 6406663
 8479 level3 67259896 6406673 6451658
 8480 level3 42629197 6451659 6480153
 8470 level3 67261022 6480155 6525347
 8471 level3 67260907 6525354 6569673
 8472 level3 13553978 6569676 6578623
 8486 level3 67261794 6578625 6623852
 8487 level3 67260507 6623857 6668883
 8488 level3 13097793 6668886 6677477
 3144 level3 67262233 6677478 6775604
 8837 level3 67261751 6775612 6818572
 8838 level3 67261351 6818581 6862285
 8839 level3 16193944 6862287 6873085
 3146 level3 61372602 6873093 6963015
 8657 level3 67260438 6963017 7008655
 8658 level3 67261396 7008656 7054511
 8659 level3 12271236 7054513 7062795
 8489 level3 67261392 7062797 7108238
 8490 level3 67260894 7108244 7153691
 8491 level3 12476595 7153694 7162131
 8666 level3 67260640 7162132 7207694
 8667 level3 67260928 7207699 7253244
 8668 level3 11467247 7253245 7260942
 8663 level3 67260299 7260943 7306209
 8664 level3 67259875 7306211 7351429
 8665 level3 12168892 7351430 7359538
 8321 level3 67260362 7359539 7405179
 8322 level3 41037865 7405187 7432434
 3193 level3 67260043 7432437 7531138
 8814 level3 67259629 7531142 7574536
 8815 level3 67261227 7574539 7617918
 8816 level3 18343641 7617943 7630027
 8820 level3 67260464 7630031 7673231
 8821 level3 67260918 7673232 7716946
 8822 level3 16331026 7716950 7727218
 3198 level3 67262140 7727225 7825577
 8632 level3 67261729 7825578 7869405
 8633 level3 67260335 7869418 7913299
 8634 level3 16148347 7913300 7923724
 8635 level3 67260377 7923728 7968030
 8636 level3 67261372 7968031 8012235
 8637 level3 109349 8012244 8012328
 8145 level3 67261499 8012329 8059695
 8146 level3 67260590 8059701 8107278
 9719 level3 67261812 8107286 8147924
 9720 level3 67260604 8147925 8188215
 9721 level3 39567338 8188216 8223394
 11069 level3 67261334 8223396 8260423
 11070 level3 67260879 8260424 8297477
 11071 level3 67259390 8297479 8334375
 11072 level3 28259879 8334382 8350271
 10223 level3 67261235 8359206 8398849
 10224 level3 67262000 8398850 8438926
 10225 level3 67262139 8438927 8478250
 10228 level3 67262791 8478254 8520527
 10229 level3 3113915 8520534 8522518
 9191 level3 67260574 8522519 8565167
 9192 level3 67262231 8565171 8607467
 10058 level3 67261417 8607469 8649822
 10059 level3 67260252 8649826 8692305
 10060 level3 19141560 8692317 8704431
 9194 level3 67261738 8704434 8746522
 9195 level3 67261698 8746528 8789073
 9196 level3 8672793 8789079 8794507
 9179 level3 67260897 8794508 8836896
 9180 level3 67260895 8836900 8879249
 9181 level3 9876205 8879250 8885636
 9171 level3 67260704 8885638 8928123
 9172 level3 67260825 8928126 8970778
 9173 level3 10378015 8970787 8977135
 9520 level3 67260074 8977136 9018598
 9521 level3 67260323 9018600 9059827
 9522 level3 13315049 9059833 9068073
 9518 level3 67261519 9068075 9109783
 9519 level3 15304520 9109787 9119024
 9523 level3 67260946 9119027 9159901
 9526 level3 67262245 9159903 9200932
 9527 level3 13194994 9200933 9209206
 9360 level3 67260435 9209212 9253440
 9361 level3 67261141 9253442 9297831
 9362 level3 4864481 9297845 9300957
 3451 level3 67262806 9300960 9392772
 8988 level3 67261544 9392773 9436000
 8989 level3 67261953 9436004 9478139
 8990 level3 7783828 9478143 9482978
 8991 level3 67262491 9482980 9525954
 8992 level3 50930470 9525958 9558155
 8985 level3 67262121 9558156 9601385
 8986 level3 67260094 9601390 9644510
 10545 level3 67261478 9644511 9682910
 10546 level3 67260155 9682918 9721608
 10547 level3 34458185 9721611 9741138
 9176 level3 67259536 9741139 9783334
 9177 level3 67260897 9783335 9825626
 9178 level3 10902660 9825628 9832591
 9168 level3 67261405 9832594 9875060
 9169 level3 67262208 9875064 9917643
 9170 level3 11398901 9917665 9924681
 9182 level3 67261548 9924682 9967525
 9183 level3 67260289 9967527 10010212
 9184 level3 9272099 10010214 10016117
 3472 level3 50782515 10016121 10084295
 9165 level3 67261204 10084296 10126655
 9166 level3 67259855 10126657 10169065
 9167 level3 12140207 10169067 10176543
 3474 level3 67262122 10176551 10268206
 9162 level3 67260527 10268208 10310361
 9163 level3 67260688 10310365 10352530
 9164 level3 12636464 10352531 10360644
 9010 level3 67261298 10360650 10404907
 9011 level3 67261018 10404915 10448899
 11066 level3 67262681 10448900 10485939
 11067 level3 67261621 10485943 10523360
 11068 level3 29901614 10523361 10544118
 9005 level3 67261308 10544119 10587816
 9008 level3 67262596 10587819 10631847
 9009 level3 38848285 10631852 10657552
 3445 level3 67262007 10657555 10748127
 9689 level3 67260574 10748130 10788667
 9690 level3 67261357 10788670 10829042
 9691 level3 16952831 10829050 10839221
 10243 level3 67260720 10839222 10880812
 10244 level3 67261196 10880817 10922059
 10245 level3 38768652 10922061 10945793
 3827 level3 15544273 10945803 10965363
 3626 level3 134512798 10965364 11141929
 8996 level3 67260888 11141931 11185006
 8997 level3 53422333 11185007 11219047
 7967 level3 67261334 11219048 11265783
 7968 level3 67260677 11265785 11312459
 7969 level3 22124956 11312471 11327947
 7970 level3 67261704 11327950 11374743
 7971 level3 67262121 11374751 11421452
 7972 level3 22807491 11421458 11437261
 9515 level3 67262031 11437262 11478733
 9516 level3 67260933 11478734 11520352
 9517 level3 24810238 11520354 11535805
 8476 level3 67259399 11535808 11580651
 8477 level3 67261385 11580654 11625269
 8478 level3 13405813 11625272 11634439
 8660 level3 67260054 11634443 11679630
 8661 level3 67262254 11679631 11724176
 8662 level3 11917636 11724177 11732229
 8473 level3 67262133 11732230 11777146
 8474 level3 67260182 11777149 11821903
 8475 level3 13776047 11821909 11831002
 3724 level3 67261092 11831012 11917080
 9882 level3 67261500 11917082 11957353
 9883 level3 67261636 11957356 11997750
 9884 level3 8536381 11997751 12002968
 9699 level3 67261216 12002972 12043912
 9700 level3 67261772 12043914 12084518
 9701 level3 9386126 12084521 12090360
 9702 level3 67261326 12090362 12131380
 9703 level3 67260469 12131382 12171580
 9704 level3 5468815 12171585 12174749
 9353 level3 67261368 12174752 12216555
 9354 level3 61570349 12216556 12254294
 8462 level3 67261099 12254299 12299400
 8463 level3 67261334 12299418 12344701
 10383 level3 67261509 12344702 12383549
 10384 level3 67262044 12383551 12422094
 10385 level3 29970532 12422104 12444532
 9350 level3 67259745 12444537 12486344
 9351 level3 67262712 12486347 12527461
 9352 level3 6027977 12527463 12531282
 9347 level3 67260540 12531283 12573515
 9348 level3 67260902 12573516 12615062
 9349 level3 7515976 12615063 12619698
 9344 level3 67260976 12619703 12661547
 9345 level3 67261754 12661548 12703076
 9346 level3 8211654 12703077 12708371
 8318 level3 67261641 12708372 12755078
 8319 level3 67261418 12755086 12801163
 8320 level3 51814723 12801167 12837232
 10731 level3 67261439 12837233 12875181
 10732 level3 67261841 12875185 12913403
 10733 level3 25832109 12913411 12927855
 9013 level3 67259993 12927858 12972586
 9014 level3 67261387 12972588 13017558
 9015 level3 5360708 13017564 13021005
 3434 level3 67261249 13021008 13111620
 8840 level3 67261153 13111621 13154689
 8841 level3 67262798 13154690 13198056
 8842 level3 5702827 13198062 13201624
 9863 level3 67261753 13201628 13241805
 9864 level3 67261617 13241806 13281992
 9865 level3 9488778 13281993 13287528
 9871 level3 67262500 13287531 13327864
 9872 level3 67262200 13327866 13368276
 9873 level3 8742049 13368286 13373562
 9879 level3 67261743 13373563 13413494
 9880 level3 67261214 13413499 13453033
 9881 level3 8735743 13453034 13458169
 9874 level3 67262026 13458170 13497861
 9875 level3 67259816 13497865 13538308
 9878 level3 8935411 13538309 13543618
 9860 level3 67260935 13543621 13584044
 9861 level3 67259624 13584056 13624547
 9862 level3 9357457 13624549 13630207
 9546 level3 67261379 13630212 13670956
 9547 level3 4123419 13670972 13673427
 9543 level3 67261159 13673429 13714823
 9544 level3 67260289 13714825 13756475
 9545 level3 6421006 13756480 13760472
 9716 level3 67259945 13760480 13801678
 9717 level3 67260110 13801683 13842890
 9718 level3 4043521 13842893 13845334
 9548 level3 67260596 13845336 13886917
 9549 level3 67260121 13886920 13928544
 9550 level3 6067463 13928546 13932287
 9705 level3 67262074 13932288 13973647
 9706 level3 67262126 13973650 14014892
 9707 level3 5509069 14014900 14018232
 9711 level3 67262473 14018233 14059195
 9712 level3 67260579 14059199 14100797
 9715 level3 4379917 14100800 14103504
 7156 level3 67261110 14103506 14159989
 7157 level3 48490179 14159990 14200518
 4421 level3 42602351 14200528 14248114
 10934 level3 67260210 14248122 14286272
 10935 level3 67260520 14286277 14324066
 10936 level3 67260080 14324070 14361768
 10937 level3 61461956 14361775 14406034
 4183 level3 56959931 14406049 14471675
 9016 level3 67261480 14471676 14514747
 9017 level3 67261846 14514752 14558180
 9018 level3 4613281 14558185 14561090
 9357 level3 67260014 14561093 14604102
 9358 level3 67261972 14604105 14646078
 9359 level3 137867 14646082 14646167
 8993 level3 67262173 14646169 14689085
 8994 level3 67260995 14689087 14732149
 8995 level3 6706295 14732151 14736306
 9534 level3 67261701 14736310 14777060
 9535 level3 67261783 14777063 14818161
 9536 level3 11154216 14818163 14824905
 9528 level3 67261640 14824913 14865936
 9529 level3 67261788 14865937 14907035
 9530 level3 10509133 14907038 14913498
 9531 level3 67260799 14913505 14954775
 9532 level3 67261026 14954782 14995640
 9533 level3 11291464 14995641 15002408
 4518 level3 81350062 15002409 15090839
 10551 level3 67260950 15090841 15129182
 10552 level3 67261857 15129189 15167307
 10553 level3 2235863 15167313 15168657
 10548 level3 67262005 15168658 15207120
 10549 level3 67260785 15207121 15245851
 10550 level3 3684567 15245852 15247918
 10063 level3 67261090 15247922 15287253
 10064 level3 65840852 15287258 15326819
 10061 level3 67260601 15326820 15366278
 10062 level3 66656946 15366279 15405482
 10054 level3 67260528 15405483 15445595
 10055 level3 11603927 15445598 15452452
 9708 level3 67260711 15452460 15493337
 9709 level3 67261782 15493345 15534700
 9710 level3 4544973 15534703 15537713
 3715 level3 67262253 15537725 15624421
 10043 level3 67262269 15624422 15664580
 10044 level3 67261667 15664583 15704699
 10047 level3 11272764 15704700 15711259
 10048 level3 67261902 15711264 15751524
 10049 level3 67260927 15751526 15791197
 10050 level3 10743311 15791203 15797631
 9885 level3 67261016 15797632 15839535
 9886 level3 39845318 15839537 15864441
 8119 level3 67262568 15864449 15910233
 8120 level3 67262292 15910237 15956328
 8121 level3 28162935 15956331 15975675
 10379 level3 67261242 15975677 16014785
 10380 level3 64900167 16014787 16052378
 10239 level3 67260049 16052379 16092380
 10240 level3 63493655 16092384 16129793
 10246 level3 67262091 16129794 16169317
 10247 level3 62145516 16169318 16205896
 4308 level3 67261433 16205902 16281597
 10230 level3 67260822 16281598 16320883
 10231 level3 35814714 16320888 16342332
 10221 level3 67260434 16342334 16381313
 10222 level3 64415508 16381315 16419062
 10400 level3 67261711 16419066 16458304
 10401 level3 62089368 16458306 16494381
 10241 level3 67260760 16494383 16533673
 10242 level3 62739117 16533676 16570248
 10232 level3 67262148 16570252 16610351
 10233 level3 63377594 16610355 16646899
 4320 level3 67262401 16646904 16722964
 10908 level3 67261325 16722967 16760841
 10909 level3 36124686 16760843 16780712
 10404 level3 67260671 16780721 16820728
 10407 level3 61929350 16820734 16857447
 4311 level3 67262285 16857452 16933306
 10554 level3 67261144 16933308 16971318
 10555 level3 66919516 16971326 17009734
 10410 level3 67259892 17009736 17049958
 10411 level3 61254573 17049959 17086245
 10408 level3 67262111 17086265 17126026
 10409 level3 61918706 17126028 17163044
 4315 level3 51231657 17163054 17220811
 10563 level3 67260375 17220812 17258972
 10564 level3 66742824 17258975 17297375
 10748 level3 67261045 17297376 17337865
 10749 level3 60194517 17337866 17373949
 10769 level3 67260400 17373950 17414768
 10770 level3 58183217 17414776 17450201
 5948 level3 134515035 17450202 17566317
 11073 level3 67261651 17566320 17603551
 11074 level3 67262059 17603552 17640606
 11075 level3 67260769 17640611 17678242
 11076 level3 67262205 17678249 17715848
 11077 level3 10796823 17715851 17722462
 11087 level3 67262234 17722464 17760899
 11088 level3 67261137 17760903 17798941
 11089 level3 67262751 17798949 17837061
 11090 level3 45282846 17837063 17866352
 4594 level3 15718744 17866356 17883415
 4169 level3 67262632 17883428 17961489
 10580 level3 67262218 17961491 18002684
 10581 level3 60931338 18002685 18040119
 10582 level3 67261507 18040123 18082001
 10583 level3 60594408 18082009 18118884
 10571 level3 67261302 18118887 18159683
 10572 level3 61815751 18159684 18197234
 4173 level3 67262395 18197237 18274591
 10576 level3 67261933 18274596 18315876
 10577 level3 55079930 18315880 18349498
 10752 level3 67262169 18349499 18391539
 10753 level3 59168463 18391540 18428439
 4880 level3 67260601 18428441 18498380
 4881 level3 67262657 18498388 18567026
 4882 level3 67261535 18567033 18636238
 4883 level3 67261584 18636239 18706046
 4884 level3 67260906 18706061 18775229
 4885 level3 67260238 18775242 18844769
 4886 level3 67262071 18844777 18914328
 4887 level3 8857660 18914334 18923389
 4730 level3 67261652 18923391 18994525
 10916 level3 67261624 18994526 19031730
 10917 level3 61183477 19031743 19065808
 10910 level3 67262110 19065820 19103301
 10911 level3 61946663 19103304 19137693
 10920 level3 67262707 19137694 19175180
 10921 level3 58713504 19175181 19208060
 10912 level3 67260236 19208062 19245516
 10913 level3 62151593 19245522 19280057
 10918 level3 67261820 19280075 19317765
 10919 level3 42226163 19317781 19341305
 4989 level3 67263761 19341308 19408696
 11101 level3 67262142 19408699 19446703
 11102 level3 53887226 19446715 19476030
 11097 level3 67262995 19476043 19513462
 11098 level3 54400661 19513466 19543882
 11095 level3 67261055 19543883 19581811
 11096 level3 54965486 19581818 19612070
 10932 level3 67261525 19612071 19649465
 10933 level3 56153204 19649467 19680923
 10567 level3 67260665 19680925 19719154
 10568 level3 65385119 19719156 19756208
 10569 level3 67261569 19756210 19794914
 10570 level3 65020366 19794917 19831541
 10402 level3 67261585 19831546 19870539
 10403 level3 61690226 19870540 19905829
 10578 level3 67261389 19905830 19945202
 10579 level3 19869893 19945205 19956761
 10056 level3 67261968 19956762 19996849
 10057 level3 67016523 19996858 20036843
 10051 level3 67260986 20036846 20077158
 10052 level3 67261505 20077163 20117596
 10053 level3 1130047 20117597 20118213
 5020 level3 67259924 20118216 20186233
 5021 level3 67261578 20186241 20251983
 5022 level3 67261834 20252003 20318512
 11099 level3 67261192 20318515 20356265
 11100 level3 54167603 20356272 20386598
 10217 level3 67262378 20386599 20425383
 10218 level3 67261169 20425385 20464376
 10219 level3 67262050 20464377 20503593
 10220 level3 14029979 20503595 20511682
 10767 level3 67261080 20511683 20550953
 10768 level3 57713771 20550955 20584894
 10763 level3 67260744 20584898 20623557
 10764 level3 58268317 20623562 20657214
 4573 level3 67262334 20657217 20730029
 10761 level3 67261348 20730039 20769714
 10762 level3 58376128 20769719 20804307
 4575 level3 67261371 20804308 20877750
 10914 level3 67261853 20877755 20915411
 10915 level3 48629329 20915412 20942691
 10033 level3 67261079 20942692 20982212
 10034 level3 67261807 20982215 21021800
 10035 level3 58798437 21021802 21056971
 10734 level3 67262570 21056977 21094596
 10735 level3 65310549 21094597 21131555
 10738 level3 67262915 21131559 21169510
 10739 level3 65678126 21169511 21206792
 10736 level3 67262120 21206794 21244172
 10737 level3 65791014 21244173 21281597
 5823 level3 134512101 21281604 21401057
 5290 level3 134515892 21401612 21532323
 5291 level3 75477091 21532327 21604527
 5275 level3 67261581 21604533 21669188
 5276 level3 67261600 21669192 21734530
 5277 level3 67262096 21734537 21799416
 5278 level3 67262782 21799420 21864096
 5279 level3 67261125 21864099 21927783
 5282 level3 57185878 21927793 21982432
 11085 level3 67262823 21982436 22019949
 11086 level3 61569270 22019950 22053791
 10740 level3 67260782 22053795 22091648
 10743 level3 60082040 22091652 22125531
 10744 level3 67262164 22125533 22163306
 10745 level3 59545229 22163309 22196845
 10750 level3 67260988 22196849 22235192
 10751 level3 58462290 22235193 22267954
 10746 level3 67262266 22267956 22305442
 10747 level3 59631889 22305446 22339030
 10573 level3 67262345 22339031 22379543
 10574 level3 67261622 22379546 22420100
 10575 level3 56728685 22420103 22454711
 5253 level3 67261281 22454721 22519918
 5256 level3 67260687 22519919 22584536
 5257 level3 67261806 22584540 22648350
 5258 level3 26383049 22648351 22674098
 4872 level3 67261167 22674102 22744504
 5711 level3 67261869 22744506 22805657
 5712 level3 67262542 22805658 22866063
 5713 level3 67263431 22866070 22927903
 5714 level3 67261846 22927908 22988951
 5715 level3 67263362 22988952 23049882
 5718 level3 67263347 23049884 23111580
 5719 level3 42242334 23111588 23149490
 5705 level3 67260257 23149491 23209759
 5706 level3 67260482 23209783 23269777
 5707 level3 67261290 23269782 23331552
 5708 level3 67262651 23331560 23393503
 5709 level3 67261783 23393511 23453721
 5710 level3 53627424 23453724 23502424
 5035 level3 67262699 23502426 23570349
 5036 level3 67261416 23570355 23637686
 5037 level3 27431731 23637696 23665634
 5010 level3 67261774 23665637 23734410
 5011 level3 67261769 23734411 23802057
 5012 level3 67262643 23802061 23869861
 5013 level3 67261151 23869871 23938399
 5014 level3 52565465 23938406 23991225
 11091 level3 67261218 23991227 24028791
 11092 level3 55360864 24028801 24059945
 10771 level3 67260653 24059949 24098132
 10772 level3 56831163 24098135 24130206
 10930 level3 67261095 24130207 24168054
 10931 level3 56774333 24168059 24200227
 4860 level3 67261688 24200228 24269288
 4861 level3 67260441 24269297 24338222
 4862 level3 67262091 24338224 24407973
 5386 level3 67260014 24407982 24471297
 7129 level3 94756547 24471300 24542300
 6014 level3 64234976 24542304 24597987
 5389 level3 67261640 24597990 24661380
 5390 level3 67262207 24661384 24724834
 5391 level3 27135134 24724847 24749552
 7131 level3 94431319 24749555 24821043
 9939 level3 41403738 24821061 24845321
 6148 level3 47514623 24845328 24885926
 5017 level3 67262412 24885930 24953747
 5018 level3 67263109 24953752 25020705
 5998 level3 67261206 25020706 25079609
 5999 level3 67260320 25079614 25137798
 6000 level3 67262559 25137799 25195168
 6001 level3 67262295 25195174 25253929
 6002 level3 67261517 25253932 25311929
 6351 level3 101145961 25311930 25394776
 6157 level3 134511306 25394784 25509163
 6158 level3 13694085 25509174 25520872
 4854 level3 67262221 25520883 25589794
 5863 level3 67263010 25589795 25648848
 5864 level3 67262991 25648850 25708148
 5865 level3 67261015 25708151 25768557
 5866 level3 67261692 25768560 25827943
 5867 level3 67262596 25827949 25887823
 5868 level3 67262402 25887825 25947672
 11093 level3 67261573 25947674 25985012
 11094 level3 64307795 25985013 26020600
 4835 level3 35000908 26020610 26055821
 5263 level3 67261356 26055829 26120826
 5264 level3 67261634 26120839 26185819
 5265 level3 67261918 26185823 26250553
 6214 level3 67261407 26250558 26306716
 6219 level3 67261413 26306717 26362393
 6225 level3 67261926 26362402 26418507
 6229 level3 31287080 26418513 26444871
 5573 level3 67262737 26444872 26506829
 5574 level3 67262388 26506835 26569006
 5575 level3 67261856 26569012 26631239
 5576 level3 67258510 26631243 26693249
 5577 level3 67263630 26693254 26755319
 5580 level3 67260822 26755332 26817185
 5581 level3 21826370 26817196 26837361
 5567 level3 67260743 26837365 26897586
 5568 level3 67261699 26897599 26959683
 5569 level3 67261328 26959684 27022707
 5570 level3 67262274 27022709 27085144
 5571 level3 67260610 27085152 27146179
 5572 level3 58153730 27146181 27200295
 7737 level3 78129084 27200300 27256034
 6432 level3 67262890 27256037 27311267
 6433 level3 67261781 27311271 27365987
 6434 level3 67260575 27365993 27421394
 6435 level3 60542710 27421402 27471294
 5972 level3 67261819 27471297 27530077
 5973 level3 67261869 27530079 27588981
 5974 level3 67262202 27588982 27647047
 5975 level3 67261513 27647050 27705174
 5976 level3 50853113 27705177 27749263
 5986 level3 67261289 27749264 27807944
 5987 level3 67261044 27807946 27866282
 5988 level3 67262273 27866283 27924312
 5989 level3 67261365 27924314 27981682
 5990 level3 67261569 27981683 28039800
 5991 level3 10248674 28039809 28048655
 5677 level3 67261778 28048658 28109320
 5678 level3 67261327 28109326 28170298
 6692 level3 67260724 28170299 28223820
 6693 level3 67263464 28223831 28277308
 6694 level3 67261633 28277312 28330404
 6697 level3 67261891 28330405 28383786
 6698 level3 67261016 28383787 28437614
 6699 level3 25481363 28437619 28457975
 6287 level3 67262428 28457976 28514864
 6288 level3 67261689 28514871 28571252
 6289 level3 67261784 28571253 28628323
 6290 level3 67261916 28628327 28684139
 6291 level3 67261025 28684148 28739717
 6292 level3 58072988 28739720 28788160
 5170 level3 67262201 28788162 28855275
 6861 level3 67262549 28855284 28907644
 6862 level3 67261709 28907654 28960621
 6865 level3 67261702 28960624 29012838
 6866 level3 67262641 29012842 29066041
 6867 level3 67260097 29066044 29118626
 6868 level3 56951606 29118632 29162808
 6011 level3 67262124 29162810 29221445
 6012 level3 52524385 29221455 29267130
 6554 level3 67261701 29267131 29320037
 8297 level3 67261306 29320043 29365245
 8298 level3 67262029 29365249 29410445
 8299 level3 26126256 29410446 29427861
 7563 level3 3285803 29427867 29430210
 7013 level3 134513586 29449480 29551820
 7014 level3 84728815 29551825 29616460
 6134 level3 67260745 29616462 29673316
 6135 level3 67261570 29673320 29730731
 7260 level3 108939471 29730732 29811102
 7083 level3 108731970 29811114 29892576
 5697 level3 67261633 29892577 29953972
 6992 level3 60252782 29953977 29999997
